rms,centroid,bandwidth,zcr,entropy,energy_20_100,energy_100_250,energy_250_500,energy_500_1000
0.10815075,449.2518932077623,388.6835741006566,0.07666015625,5.0280633,1092.0977,12155.393,8461.134,992.38257
0.110382505,476.05239045253086,410.3509006125736,0.10205078125,5.211888,729.8202,4471.4067,3051.3054,551.6287
0.110447295,438.4218692626716,416.39892376616626,0.14111328125,5.1373796,519.25116,571.73145,162.73055,107.48771
0.034178913,308.22998275282475,352.7883913855231,0.13818359375,4.92591,337.1213,303.64435,73.26191,11.338942
0.027670672,294.7153525583137,336.0328437615871,0.12841796875,4.6296577,200.00488,158.4126,24.213457,6.4259
0.017174723,273.1129760519644,315.5983801917578,0.12890625,4.5835986,221.70393,176.09189,23.027115,5.9820957
0.017638888,402.6499502222469,409.0040191448033,0.11865234375,4.80995,24.659063,17.341545,4.822649,4.458463
0.017757973,325.506646860932,348.6686899829213,0.1044921875,4.876206,59.640106,74.156624,14.824148,5.291631
0.017906882,253.21845909901776,280.7232449242438,0.111328125,4.7735834,211.73495,303.69656,37.26597,5.050237
0.02355148,267.66794995424425,301.96049485524924,0.11865234375,4.644271,107.94343,139.16985,18.298882,2.8647535
0.02360049,265.73622810205364,282.11204396868953,0.1357421875,4.743651,224.21117,251.89302,35.82988,8.381156
0.025639394,317.4186058102713,314.84720320919394,0.158203125,4.942092,126.47336,152.0332,49.65725,8.426916
0.026254391,304.42747139321904,291.672191231988,0.19140625,4.997103,252.32959,259.61032,147.5196,22.860107
0.02768088,327.3469063117058,293.15165071340357,0.21337890625,4.862854,167.13255,162.31717,133.10428,67.07017
0.027303685,302.2527801627881,269.36045906895885,0.2177734375,4.9152493,196.51372,288.17435,81.58421,118.883736
0.0269904,308.28970486649496,285.30816972540663,0.1923828125,4.9079785,111.82725,161.40681,45.16049,64.78392
0.02635679,273.53276833871746,276.19859126197883,0.15576171875,4.8868012,228.8322,148.54663,48.90781,13.520718
0.025567222,255.34217134882107,267.90914960406894,0.12548828125,4.7564163,348.97052,189.40874,48.525177,10.722763
0.02553653,254.9882256809135,280.62864101522325,0.1103515625,4.6399965,205.81075,182.4577,24.185104,6.630217
0.023224438,243.79555601685487,262.29987808491524,0.11767578125,4.642026,239.6463,243.97435,30.934437,6.188805
0.025746983,265.7196756538394,292.6560687575029,0.11083984375,4.694014,113.524734,96.27533,15.86351,3.3130856
0.019683402,230.9791452734924,253.8096857855678,0.1162109375,4.6039734,439.5392,265.49957,33.285458,6.276292
0.026266083,260.4763587326271,290.92069312305705,0.10400390625,4.5247636,202.5207,128.19171,18.638037,6.023007
0.021702897,247.66695452885546,261.55661516950477,0.11328125,4.738384,301.96695,301.3687,45.74506,8.629455
0.026697915,265.7541648199073,294.5559362447268,0.10546875,4.7093053,117.88252,113.663376,17.088926,5.422939
0.026876815,229.77904743315503,249.16095725726151,0.10546875,4.7922354,297.6382,269.26184,48.378113,5.257936
0.026817262,233.41136377193584,265.0205745914161,0.11962890625,4.6813555,305.67078,235.82812,38.997215,4.47999
0.026853949,277.5264840019176,290.6140276774494,0.14501953125,4.7760754,237.11156,211.24777,37.09311,12.73476
0.01861018,291.6025310691337,297.7074818219911,0.19091796875,4.842033,234.55508,207.11249,35.787495,20.737787
0.03054488,354.024085411094,347.307916764877,0.1806640625,5.1160994,33.834724,60.41708,14.496346,9.086475
0.025214268,244.346100889951,242.40115616357764,0.1875,5.018033,322.01337,632.47485,133.23695,7.144241
0.02982843,246.79814202028274,257.05368894324045,0.16162109375,4.96298,249.74475,405.40378,85.87162,4.2330937
0.029847112,279.91813386328215,286.37484419687917,0.142578125,4.806562,201.52184,194.09306,43.88269,9.553905
0.017127912,278.0070179643186,279.54248500291925,0.19140625,4.78676,175.53586,171.53699,34.47788,8.905634
0.0235324,420.5034456347927,389.0273235148841,0.18701171875,4.908547,9.775758,16.058887,3.5314744,9.883162
0.017677838,284.8645192112316,304.2701152549839,0.1904296875,4.946508,172.10435,140.55789,28.351244,14.906063
0.024277024,275.1653100168156,302.4814694560417,0.1767578125,4.8809896,265.86813,190.44875,43.57492,12.056151
0.024638632,288.9340429881315,299.2688865271145,0.1376953125,4.896311,160.14676,177.64551,46.32597,8.626664
0.024990026,262.48219783609983,266.7241404077922,0.12744140625,4.8285604,226.72914,276.9354,55.825134,8.483661
0.025783485,272.55064348090355,292.5024086558872,0.12255859375,4.8996243,125.44261,208.61017,32.903656,3.8793745
0.02614246,256.8070135319813,282.62649268560335,0.13037109375,4.8854523,260.2369,360.09933,50.35752,4.8405867
0.025894113,318.95650410655384,320.148523874067,0.162109375,4.981125,126.073494,195.3054,58.20394,11.585559
0.019727696,317.8929435459743,320.2190502361575,0.193359375,5.002098,194.60638,317.86536,90.34103,16.703209
0.023242833,394.22392631752246,402.25658234512963,0.18017578125,5.010433,60.511623,71.03828,17.156107,11.400137
0.016016742,296.8602331007029,337.32205992030913,0.1806640625,4.6480002,257.85983,128.82687,19.997087,11.726412
0.021795733,296.5949371710037,338.53740470817684,0.15234375,4.5676336,170.31895,86.12972,14.303884,8.480577
0.021835698,266.4795570091398,279.00186195396964,0.13720703125,4.75787,207.95987,218.01326,37.924564,12.280765
0.022660188,283.6845769684455,300.62504139119267,0.1337890625,4.758642,118.931786,125.817345,22.048656,12.2606535
0.022410635,259.0821745215017,296.92122537688545,0.1318359375,4.693994,229.91219,133.87192,21.501907,11.346009
0.023196695,255.17501306572268,298.9966081678159,0.1259765625,4.5905714,245.24753,112.34382,18.379559,9.8508
0.02315474,255.66189054480247,271.57212149773545,0.10986328125,4.744849,209.95328,170.02974,35.845406,7.458708
0.027261248,251.06657411454324,270.4139455532021,0.11572265625,4.7680373,221.36726,173.19388,35.481483,6.5363646
0.027601585,259.0140631588291,285.74798953474595,0.09814453125,4.8157153,221.54651,269.3679,33.73582,5.504543
0.027353834,228.13098976657886,255.05273651190922,0.09814453125,4.766798,420.19058,424.29425,46.564285,5.4608984
0.02753822,244.74786040597874,286.15037711007335,0.0947265625,4.5093594,186.42238,137.77133,13.456837,3.917773
0.017519455,234.6677005744258,265.67668328372895,0.0947265625,4.5760126,278.61395,225.89526,19.372725,6.625306
0.026577534,292.82320326612063,333.89943196369796,0.0908203125,4.6076474,55.1997,52.748943,8.072211,1.9811838
0.021316277,228.02539673640086,238.27618210139764,0.09716796875,4.9036274,229.44118,340.3203,75.69501,1.9470648
0.025054699,219.91576030044314,234.40641882271132,0.1005859375,4.860713,253.42879,327.9307,68.106346,1.7979721
0.025119163,265.31986006099896,290.92331271254506,0.09912109375,4.5701027,146.6009,106.60166,13.275906,6.553941
0.014928849,260.57657799093016,280.11630458218156,0.115234375,4.5688467,186.53659,140.00246,16.450819,8.290265
0.023063544,283.4876754680247,316.6510780255587,0.0986328125,4.759698,50.965424,63.521477,10.206913,1.8515103
0.019036207,241.82646295192444,274.5705127513482,0.107421875,4.7668133,305.76538,280.75787,35.368042,4.9592004
0.024595,288.68368339198105,328.5923380916532,0.11376953125,4.7941422,203.38573,159.55965,27.223738,5.817188
0.024631562,305.54406032555704,316.2307532540464,0.11376953125,4.812627,243.99066,211.4759,52.72805,13.860244
0.02290147,299.1324381813434,307.36170004553367,0.1142578125,4.824077,127.757355,123.88007,31.686884,6.9269347
0.022624671,278.8035273414156,296.16381756854804,0.11279296875,4.7112093,212.4928,79.36035,49.242702,3.998614
0.022995995,272.15123285571826,308.6688175406273,0.109375,4.5858707,273.05624,82.44892,40.3136,3.9499505
0.022804838,273.42079877317025,288.6958352024882,0.1083984375,4.8105807,182.34547,194.94327,52.352283,4.068947
0.022588521,266.0667674844968,280.42122129783314,0.10595703125,4.8234453,173.63824,202.52194,50.585403,3.2701285
0.022644052,264.28884186836933,298.0553378780373,0.09912109375,4.725049,148.67514,95.893936,20.71537,2.7370589
0.02148258,252.20024042535408,290.77005700496983,0.1005859375,4.638503,268.20828,128.91124,26.36179,4.4680634
0.021569304,270.2113899103935,316.5191837343873,0.1025390625,4.6384573,158.23515,116.037186,16.998283,4.876168
0.024019413,267.7805060675005,310.5103537692449,0.126953125,4.626136,221.99756,174.50743,23.090279,6.916256
0.026581036,281.30514327687365,328.6678917312412,0.13134765625,4.793166,167.15868,165.51439,21.935528,6.3997536
0.027950438,245.67452039348046,290.0852062071566,0.146484375,4.7519784,499.63818,394.33774,48.131065,9.650624
0.028184716,283.16975229107743,315.1664950036078,0.14306640625,4.764491,210.36084,149.6808,34.95461,8.743443
0.02165355,266.27549240498195,274.5148289641014,0.1494140625,4.88974,288.2065,269.22885,81.79904,10.364474
0.027861843,310.51143198282284,334.6278042266188,0.150390625,4.93133,74.4226,68.06224,20.177004,6.531785
0.022535484,268.4411703968608,278.65987922348705,0.15869140625,5.069536,200.2102,260.92346,65.94877,10.85995
0.026651947,255.64368432254003,266.20029052996205,0.18896484375,5.020024,354.11118,388.4019,95.2427,16.77974
0.026662985,291.179005020894,310.2020545386508,0.18505859375,4.815341,143.40942,126.01124,24.36506,17.706886
0.016377244,277.3645434339782,287.80174293589823,0.21484375,4.711203,210.39062,197.67752,33.41143,13.964707
0.026137684,341.1415921505241,364.887233570992,0.18701171875,4.8571014,37.830967,41.43485,6.648106,7.507197
0.021577382,252.98960526539548,276.71947140529335,0.16650390625,4.747769,256.3947,362.7323,43.269196,12.832247
0.026366636,246.46973139483254,275.7553024262083,0.146484375,4.694538,273.35733,356.16965,42.104485,8.044754
0.02671327,281.6675582490995,287.066053287519,0.11083984375,4.860058,155.47765,169.61127,48.387623,10.099845
0.023963839,278.6516159860164,283.78153526193864,0.10986328125,4.8815303,162.95715,194.10501,53.620457,10.308471
0.024403578,280.33762030865097,289.48915040113195,0.1005859375,4.8919363,160.3363,140.0825,39.509365,6.0302997
0.025896102,272.68920916399094,292.8349811879526,0.103515625,4.7531385,368.91245,200.42401,54.673782,9.119482
0.025701892,280.60551851009666,305.0770705737972,0.10205078125,4.76465,198.65898,197.33746,41.052658,5.068573
0.024291547,244.44731335092752,260.23191292079815,0.10546875,4.770721,249.77962,300.84747,56.093258,3.7526798
0.025420643,262.7171749028392,296.45112887264236,0.0947265625,4.681065,110.80371,151.69978,16.582249,2.6060057
0.023953043,232.98118811899525,264.5444755507353,0.0966796875,4.683854,302.94147,311.74274,23.462902,4.4561195
0.023893977,247.87222336830928,290.0487137373336,0.1005859375,4.5423055,162.39014,130.2633,12.810714,3.988153
0.019798145,242.89665509821745,273.04955091741977,0.1064453125,4.5413055,257.35736,221.60619,24.32862,8.3786125
0.028358791,260.5076234769354,287.04656785785994,0.1044921875,4.7024975,137.0733,192.6668,22.662914,6.3853774
0.023963047,223.38906698426354,242.0298008912408,0.11962890625,4.806071,444.07007,598.8844,65.16731,9.250624
0.028283795,242.96274767332494,281.7116275949572,0.119140625,4.671387,214.54797,206.7644,22.41251,6.003105
0.027514499,251.4379549116652,280.9929366274925,0.11474609375,4.5840807,276.238,193.70427,22.67153,10.222939
0.03208735,267.7312342941057,300.55658158330345,0.1162109375,4.697914,129.41286,125.160645,21.84033,4.51084
0.03203209,223.5459746960142,230.6296175853775,0.111328125,4.950385,488.3354,742.9285,158.80278,3.4589746
0.032712787,233.67613288391541,253.58074147013522,0.11328125,4.8903327,379.19916,463.51324,97.348564,3.6727571
0.03266446,253.26865160647162,283.6245387382516,0.12451171875,4.6501484,254.33855,212.31459,33.6495,3.8911178
0.017280534,258.77333622734875,294.6064730822482,0.1748046875,4.654898,188.099,160.80486,24.090515,3.2703779
0.02647209,458.8244977010998,448.7657489469715,0.1728515625,5.0799074,7.208717,6.8537717,1.4840637,4.5471234
0.023159036,278.6376645951325,300.19736249487084,0.16650390625,4.8560433,115.77225,204.58928,39.41475,8.023605
0.02336465,244.40320942116398,254.10782229931496,0.154296875,4.8120046,352.25107,585.33887,108.00122,9.232146
0.026748916,274.20254785111655,302.36764043787525,0.1181640625,4.7003226,127.421104,160.55779,24.369389,5.658442
0.017845133,261.39022960249054,289.6784864713389,0.12841796875,4.595133,199.4219,157.80757,16.0844,8.531791
0.019410426,341.35323364815576,365.1973683813889,0.130859375,4.823146,60.653915,63.788895,7.617895,6.283296
0.020190863,354.29362284869114,391.5901891639413,0.1533203125,4.744495,107.07701,45.329937,11.717942,8.247018
0.022989118,386.45091089756,433.0888239490049,0.166015625,4.6060452,293.00977,77.323166,19.512833,13.241794
0.022923613,423.48402064682665,437.31563321594035,0.15673828125,4.8582463,178.38037,160.3295,26.651821,16.872469
0.023912555,304.6692077227946,343.9553138968634,0.17041015625,4.6420207,259.44193,277.85037,36.719498,11.618253
0.025171202,296.9882036103133,349.333203861804,0.16552734375,4.7256794,133.02917,117.802055,22.013767,6.5540853
0.025345188,262.4898147041277,310.03260427035093,0.18017578125,4.7633433,368.12326,231.46738,48.565365,10.366803
0.02541659,291.5837712168727,324.2455223597417,0.171875,4.7117276,186.5185,128.48505,34.12048,11.820712
0.0206979,269.6380843409871,280.2120853753989,0.1708984375,4.8627896,286.62482,275.41626,76.606514,9.653669
0.023463776,310.24453994048827,342.3652857258645,0.1494140625,4.8628507,69.702965,63.169647,16.056513,4.2422366
0.015840482,261.9459221033353,298.11640713117094,0.13330078125,4.7657013,204.41788,122.379944,22.780619,6.9667673
0.02259393,257.3187600758557,299.2294773786489,0.13623046875,4.6467133,214.91408,106.95634,18.821453,6.06074
0.022605455,251.1140309968158,274.2458757262497,0.14794921875,4.6094713,221.14163,167.93341,26.967228,6.3862805
0.02444202,262.054655378285,288.7684913657489,0.1884765625,4.6325808,219.67876,173.27827,26.040007,8.560245
0.026343873,298.77019152614713,319.1488149635193,0.18798828125,5.041317,89.825554,119.838844,32.33545,8.58178
0.020994343,260.5314458417807,280.99006669085395,0.212890625,4.9614754,346.66092,391.33597,102.98475,11.478961
0.026825914,315.3014153361804,345.38212363162603,0.20556640625,4.866268,166.09,146.16006,34.66299,15.141625
0.020419385,302.3438579365338,323.6106229704396,0.22412109375,4.8594484,286.4882,251.09358,52.90657,26.184822
0.027344123,350.2004515591395,375.96701063216705,0.23876953125,4.9858174,92.373924,76.76906,16.413258,20.659712
0.027537154,310.17798174571396,339.88364409537843,0.21923828125,4.978221,183.72183,236.71109,61.36024,21.956713
0.026689999,283.7317080667159,315.56410883448234,0.20849609375,4.855557,335.6147,393.8852,101.13606,12.8108225
0.026760047,329.2431647193448,351.0902378977488,0.171875,4.851929,147.75038,139.29736,41.67363,11.581661
0.021637393,305.4063627983865,327.3596691666265,0.14697265625,4.8068705,235.95747,193.80055,38.218796,20.516443
0.024012482,308.2879478211811,332.9971664492315,0.1298828125,4.8662214,100.08277,81.28466,22.1182,8.671484
0.018842964,244.75240123848795,272.17297368169426,0.12890625,4.796733,325.5582,226.69147,64.683464,4.968123
0.025192192,279.1418365305367,312.1751971135751,0.1025390625,4.6837673,174.13293,163.88872,37.124607,4.8381824
0.021369096,257.35125843105266,263.89150177192533,0.09423828125,4.810079,242.35442,316.21326,74.31017,6.501036
0.024249882,266.31410305268633,282.70763722524646,0.08642578125,4.8064804,99.81036,124.38522,24.262995,3.7953985
0.02399077,257.3626833185586,269.12766114022236,0.083984375,4.8269105,239.64471,235.0689,28.721668,11.614602
0.022338606,257.57066143467665,286.7702107410419,0.0859375,4.7145143,161.19511,127.06392,15.453386,6.071206
0.022284327,247.5917749430383,277.4898008259728,0.10888671875,4.5774746,234.65962,162.29314,24.28569,6.630719
0.024420619,262.69061118017305,311.95939499895223,0.10595703125,4.583482,132.33391,109.54522,13.953728,4.155233
0.024444317,223.43993179176414,254.70225978157342,0.1025390625,4.7545877,240.79715,362.4716,33.63916,2.9110858
0.025202356,225.92444551265078,256.06445538079055,0.10498046875,4.7143044,204.21048,262.19287,25.296843,2.643894
0.025213754,255.65592693549465,262.7889958241319,0.0888671875,4.8043895,215.33061,177.11044,44.00358,7.1401405
0.028483698,251.89336674148288,263.08631491332517,0.0947265625,4.773906,179.8961,145.28838,33.970627,5.351762
0.0285962,206.7979623662858,237.1070290253344,0.08935546875,4.7085166,287.99832,389.4031,29.466555,1.9089885
0.028677495,198.69959484264442,229.2935260354344,0.08642578125,4.6823063,436.46094,484.7312,35.542973,2.2161274
0.028729096,253.00063886467728,268.3992638397151,0.0849609375,4.7143693,182.5488,177.4636,30.16487,3.871538
0.01751757,253.502843625401,260.89466151977854,0.1025390625,4.742872,215.13545,220.97682,38.93496,4.7891726
0.026681278,255.7127436419555,281.90768284846513,0.1005859375,4.653029,98.7502,114.94358,16.725424,2.7905912
0.02170536,225.83222431177467,241.40177449168232,0.11328125,4.61241,386.6285,445.55228,60.086304,6.5147705
0.024967808,266.7773941939622,296.10275454877984,0.111328125,4.5882716,168.34666,163.48741,28.589422,4.9670043
0.024821138,273.2817076083359,283.7021603767857,0.103515625,4.790441,162.42816,148.48683,28.52972,11.182769
0.02224074,277.1139120878646,292.94863002147287,0.111328125,4.7529206,85.071846,89.670334,20.688892,4.28408
0.022495462,249.00711498374918,284.49918693189903,0.11669921875,4.7027216,295.2382,208.52522,35.336117,2.8179102
0.024399566,313.17076869459106,343.3091223684525,0.1181640625,4.7919173,232.46338,155.36818,36.150555,7.190001
0.024126168,313.0037558179628,309.15956471603954,0.11767578125,4.9236226,186.8203,240.88686,69.9975,12.940534
0.02349526,272.0686241833225,285.4001325261388,0.09716796875,4.7545247,128.46594,159.54529,32.695698,5.396014
0.022878699,254.79732691135015,270.75148738844064,0.09033203125,4.8702526,187.32664,211.83597,32.532505,6.717617
0.022164728,250.53171142661523,273.98154194225765,0.09228515625,4.792784,171.29053,180.63765,25.388945,5.3584
0.02213547,256.788141097791,274.3371068892487,0.09765625,4.651431,176.7709,156.39694,28.834583,5.628956
0.027529845,254.94171955754808,275.9024022968254,0.10546875,4.646109,156.7943,143.97198,24.845022,4.8621716
0.027574245,231.3673041490759,239.2618071920447,0.1015625,4.8287697,283.29596,435.47803,62.727604,6.80908
0.027392903,226.11088391396993,239.20226027642582,0.08544921875,4.8012953,337.54926,442.92926,62.051384,6.7006054
0.027425414,244.92697137343654,276.6297661818218,0.0830078125,4.566472,180.13118,130.15625,17.013838,5.1380553
0.026511604,246.09151027464372,277.5164758695082,0.09033203125,4.5744348,190.61934,133.352,16.773424,5.305138
0.026614858,230.7517373816199,246.9658885959234,0.08740234375,4.789595,236.37476,295.45575,47.832214,3.1822557
0.026834691,219.26640330145185,234.51027594653522,0.10595703125,4.7458706,402.73672,425.2511,65.55439,3.8492677
0.026862595,262.3162523707587,272.60982820631335,0.1044921875,4.771259,145.87604,147.52179,31.887413,3.8688397
0.015786277,263.53414263364783,263.2423820883353,0.12646484375,4.8903074,173.01979,191.82751,43.115948,6.11619
0.028537724,259.69400522033095,290.5673498353537,0.123046875,4.6736116,98.93861,152.03163,15.749171,2.7800164
0.024954053,221.12409565747987,244.47824193275665,0.12255859375,4.585599,467.6163,664.92444,53.891567,3.493385
0.027852792,246.52515477493677,273.32684996645537,0.1240234375,4.6296973,200.75504,270.526,31.025736,4.068018
0.027823979,263.94842160771015,280.5566696656539,0.10791015625,4.78396,164.78426,163.26079,24.880903,9.077169
0.022092892,279.76314005797855,312.4805484916036,0.1015625,4.715442,81.75167,95.28474,11.676518,4.0397363
0.021576632,231.915503959083,264.84347420319057,0.10205078125,4.7282696,261.33978,259.84024,26.448298,4.4850435
0.023232816,229.90624860187035,269.19465450250595,0.0986328125,4.6483445,193.86957,158.2921,18.284487,3.0143433
0.023112299,241.02302998558446,255.34963037811693,0.0947265625,4.602118,237.24753,197.82747,28.184843,6.8600383
0.023759708,258.30856978023144,284.0578465649657,0.09033203125,4.6289725,121.05891,116.38935,15.489896,4.2733946
0.023815384,252.89555458707878,269.33275938408457,0.1123046875,4.80986,266.44696,239.4102,34.56376,9.889654
0.02466536,262.71555827140656,290.83137752720467,0.11376953125,4.739219,246.759,176.37209,29.42143,8.221919
0.02468069,266.2421507984802,282.98821315270834,0.1416015625,4.707771,238.08838,223.28362,45.745106,8.837354
0.02762158,274.1314786019109,295.2998654694634,0.14794921875,4.6931124,160.58208,164.39778,30.120737,6.90588
0.02758989,244.6708656315134,254.69379201729345,0.13525390625,4.816409,263.08575,432.7682,40.500107,10.105987
0.026852498,238.95911473762354,255.30038777469068,0.138671875,4.778244,290.2568,386.00385,36.52771,8.65809
0.02682704,278.5211635606071,286.08949586005764,0.123046875,4.776854,199.34814,156.60962,33.96679,13.205923
0.029689966,274.7145321446789,289.8024388908148,0.12255859375,4.769394,173.10301,140.426,29.483282,10.580272
0.02982089,229.09621215797802,247.77844813194915,0.1240234375,4.793435,216.42497,458.94635,63.348854,2.979746
0.029390002,220.32168909395168,238.65294217383033,0.119140625,4.7826457,374.5087,715.65186,95.0517,3.8142667
0.02945186,272.0373813132579,301.97301063002135,0.12548828125,4.5957,157.39072,156.19408,19.727892,6.315388
0.015296645,271.66894780366823,295.3899498697362,0.1640625,4.6374474,205.62177,168.13477,20.891287,9.311256
0.025443539,330.99595504030475,353.9979158787953,0.13525390625,4.8605146,41.821106,40.849396,6.4403396,4.7755537
0.02108243,249.92336522063852,259.8127844440141,0.14111328125,4.8894663,340.10977,330.7665,49.74513,17.643726
0.025936842,239.93769872901805,257.95456105802623,0.13720703125,4.7483554,299.5712,224.24992,32.571484,10.677477
0.026223829,264.24649564097183,280.8247719281331,0.16748046875,4.68909,217.6578,163.75888,24.981447,14.694167
0.016438339,297.61005547762596,315.83042657509515,0.2158203125,4.7089467,159.82,124.83866,17.675117,37.519184
0.02585031,375.57923095198294,389.43949799687476,0.20166015625,4.869179,35.702736,49.466473,10.002781,21.776096
0.021205435,249.2718500262563,280.5990565264987,0.20751953125,4.863831,300.5272,393.1006,71.76102,6.332236
0.026776781,254.17417198884573,282.71339608100743,0.146484375,4.7825785,210.35284,233.74046,42.44122,7.043205
0.02677357,264.3771889308955,275.11158139465647,0.1357421875,4.8115015,242.33931,253.37038,45.442024,16.326206
0.021620957,289.91102412811176,311.7195053045098,0.16748046875,4.830679,145.98598,154.6762,26.143282,11.124594
0.023249941,327.28711891133065,346.6113315810928,0.169921875,4.940442,88.96035,56.766125,16.862768,10.65025
0.024207057,281.3898946554323,303.1789845025699,0.19677734375,4.734791,294.30267,140.61162,36.572487,15.281465
0.024317455,311.2909620322937,325.08103260040144,0.201171875,4.857686,164.49413,140.97789,29.15021,18.044146
0.021104552,295.00945612257067,311.9517195236607,0.20751953125,4.824991,275.42218,343.2738,62.99555,21.362963
0.027551409,335.77023986833154,373.9871458000071,0.1884765625,4.777237,96.97431,161.69032,22.164925,10.381147
0.0207748,254.38817431282823,293.1946323162084,0.18603515625,4.796768,278.24472,495.26242,49.210854,5.3202167
0.026819415,261.80826961020045,304.8895468006878,0.15185546875,4.745838,165.31268,209.14745,25.702402,3.5195541
0.02670008,250.91086649407978,265.19415328049394,0.13720703125,4.645426,286.05313,266.01566,54.175602,6.216671
0.027289247,254.98636290059062,280.9370795000445,0.1318359375,4.634761,132.87187,131.9277,22.389015,3.7561433
0.027286835,216.5793966793161,240.74694512848,0.12744140625,4.652304,282.48752,421.71976,31.110489,4.027735
0.028177587,218.25801806815403,249.592086125648,0.13037109375,4.5834727,245.16968,333.39688,23.721949,2.8954465
0.02817996,238.4758721585598,245.23700962627464,0.11865234375,4.7050962,258.528,269.0274,53.13222,6.710579
0.027712999,238.6883556149475,251.85656215738254,0.12548828125,4.7141933,223.94185,228.72952,43.34599,5.681953
0.028546328,237.56834417960926,265.2924698689464,0.09912109375,4.749218,164.26813,187.08708,25.60569,2.7789884
0.027422145,216.7416261381585,235.51260706597216,0.10546875,4.7177887,441.24597,418.94266,54.361397,5.127454
0.027547697,258.7484776564877,269.7757237711592,0.11328125,4.5858073,181.39952,152.537,35.44519,4.1247582
0.018779814,260.8284477291424,250.5635977830835,0.12646484375,4.881499,259.91577,267.1047,73.86698,7.8335414
0.026671056,299.76013796208446,311.4274306426524,0.13232421875,4.9077926,50.363274,49.81111,12.433547,3.332384
0.021186486,227.42077778251874,258.18246327229315,0.1318359375,4.556917,189.84315,244.3169,15.636968,3.8563604
0.025516836,226.44900849917505,261.1449067566724,0.12744140625,4.520136,348.0425,416.8941,27.00482,5.1278224
0.026088128,291.6894227234388,312.7031869094724,0.1142578125,4.7334948,130.48239,155.73914,26.205202,6.101887
0.017682135,263.6027368111555,274.9698374999047,0.11328125,4.7699714,182.02153,236.62169,35.860172,8.022331
0.02292748,274.54799823487303,292.8588812280673,0.10791015625,4.7322264,82.57941,115.78968,22.693932,2.9493327
0.018235892,257.3196594095392,294.23119514336406,0.1142578125,4.646201,306.4604,200.11534,29.657625,5.665236
0.02656425,280.6029190991696,316.24608555960566,0.1025390625,4.664251,186.73828,169.43524,29.766699,4.74029
0.025974246,235.84444378368596,244.43063422041388,0.1142578125,4.7998066,324.59595,460.52765,80.56654,5.3170485
0.027254917,254.16557599998924,272.6827469952602,0.10498046875,4.7045293,126.17535,170.79482,28.367813,4.18168
0.026993,233.3364316870915,257.0812852373893,0.10302734375,4.6629143,310.6803,233.96962,30.710081,9.071486
0.02554486,237.8793982870151,268.58245100397977,0.10107421875,4.5664635,231.81905,143.45874,21.887058,6.115001
0.02547831,241.57261855656333,240.15636841049158,0.09619140625,4.67732,308.347,269.0606,60.758472,7.984233
0.026427085,248.09469527689498,260.35491559018595,0.0966796875,4.67849,172.08997,158.8335,32.483997,4.4393563
0.0264295,229.84200648790974,242.3075662216361,0.08984375,4.8121386,218.81647,309.03577,33.588898,7.252146
0.026000941,230.90231064648637,253.3126952067178,0.09423828125,4.746032,227.79301,265.51602,29.021425,5.9733973
0.02595762,236.62270987069832,252.75024102961416,0.09423828125,4.661793,212.43419,236.17522,36.262566,5.731448
0.029605536,235.28404613617624,253.43406856090417,0.099609375,4.6654263,205.1443,225.47682,33.98404,5.255032
0.030343123,227.81621357197557,234.21085013660306,0.091796875,4.874241,175.3732,282.18472,59.192616,1.3216249
0.02982165,213.14199766230402,212.93603718717742,0.099609375,4.8602104,447.91656,634.38824,126.664734,1.8705093
0.029920217,253.83061292802955,271.5660108590599,0.099609375,4.5887675,183.09802,177.32437,34.55454,3.838372
0.018407136,244.4076043944703,249.65000769446266,0.12158203125,4.7536545,265.38654,263.00653,45.982388,7.347867
0.029456673,271.18942446453656,288.95315098207266,0.11767578125,4.768098,68.58188,77.54588,19.52799,2.219406
0.024592401,244.9646412422552,222.51637359541417,0.13232421875,4.9882135,334.16562,475.43796,171.19066,7.6461797
0.027323859,256.5849372175505,251.13461022912958,0.1279296875,4.924197,275.80838,358.32593,117.82039,7.0488834
0.03179216,311.6969312745421,334.93088107401974,0.11767578125,4.870625,132.25537,107.4768,24.067701,6.509193
0.035141155,384.9805998653868,383.8823596963226,0.16064453125,5.0638943,157.5016,231.36691,46.32799,22.657516
0.06744113,607.5191497270715,449.0227361073278,0.21826171875,5.798363,243.55081,637.5548,219.04301,445.52942
0.16427046,765.5605226549592,430.24190250302917,0.30859375,6.126718,362.40613,667.9107,1118.5145,4438.884
0.18802674,878.4424800062194,414.9892336397162,0.4013671875,6.138014,237.08395,1168.2736,4670.4756,21101.627
0.19165285,933.8661323741944,416.67410209724227,0.46630859375,6.1506686,157.99744,1093.7938,4730.547,18933.492
0.1842063,933.110307835829,428.54907423990255,0.51025390625,6.115918,76.73719,370.38574,1346.8358,4129.392
0.10715731,901.8742109269392,428.09777069023977,0.54150390625,6.1239223,51.13839,120.17935,339.89642,1264.8749
0.0805003,1026.9779523518744,431.27700854105683,0.5146484375,5.900221,28.922318,23.472717,45.306625,264.8153
0.06603636,1040.550152937712,452.91075438308104,0.46435546875,6.0704894,46.159462,154.8608,334.56845,954.8343
0.06192416,1024.141297634138,460.4886223595977,0.4013671875,6.136902,32.965527,147.70695,244.1303,601.0942
0.09852355,583.8635276110224,423.5901960482103,0.33056640625,5.5230856,13.5351515,180.35318,935.4023,149.49956
0.077929825,541.3878832769115,389.1709318057698,0.23291015625,5.4032874,90.4354,1433.1068,8686.069,1301.7189
0.07754466,542.1087982473409,388.3755939048868,0.1572265625,5.392188,42.96883,708.6551,4405.8677,669.5306
